image: map_lrm_ist.pgm
resolution: 0.050000
origin: [-25.600000, -16.000000, 0.000000]
negate: 0
occupied_thresh: 0.65
free_thresh: 0.196

